$FIT
             npar              fmin             chisq                df 
            6.000             0.000             0.000             0.000 
           pvalue    baseline.chisq       baseline.df   baseline.pvalue 
               NA           362.924             5.000             0.000 
              cfi               tli              logl unrestricted.logl 
            1.000             1.000         -2300.365         -2300.365 
              aic               bic            ntotal              bic2 
         4612.730          4645.592          1767.000          4626.530 
            rmsea    rmsea.ci.lower    rmsea.ci.upper      rmsea.pvalue 
            0.000             0.000             0.000                NA 
             srmr 
            0.000 

$PE
                lhs op              rhs exo          est         se
1    bchave_log_std  ~         moisture   0  0.023566629 0.01908459
2    bchave_log_std  ~              div   0  0.229053366 0.01417391
3    bchave_log_std  ~             soil   0  0.168429990 0.02346264
4    bchave_log_std  ~ moisture_div_int   0 -0.002629318 0.01231670
5    bchave_log_std  ~     soil_div_int   0  0.011557375 0.01527083
6    bchave_log_std ~~   bchave_log_std   0  0.791218052 0.02661907
7          moisture ~~         moisture   1  1.608542214 0.00000000
8          moisture ~~              div   1  0.340647443 0.00000000
9          moisture ~~             soil   1  0.458422199 0.00000000
10         moisture ~~ moisture_div_int   1 -0.811642437 0.00000000
11         moisture ~~     soil_div_int   1 -0.164646437 0.00000000
12              div ~~              div   1  2.351624894 0.00000000
13              div ~~             soil   1  0.288477865 0.00000000
14              div ~~ moisture_div_int   1 -0.183029398 0.00000000
15              div ~~     soil_div_int   1 -0.181455356 0.00000000
16             soil ~~             soil   1  0.968381480 0.00000000
17             soil ~~ moisture_div_int   1 -0.164646425 0.00000000
18             soil ~~     soil_div_int   1 -0.153841462 0.00000000
19 moisture_div_int ~~ moisture_div_int   1  3.920169572 0.00000000
20 moisture_div_int ~~     soil_div_int   1  1.199232267 0.00000000
21     soil_div_int ~~     soil_div_int   1  2.317269333 0.00000000
22   bchave_log_std r2   bchave_log_std   0  0.185670420         NA
            z       pvalue       std.lv      std.all      std.nox
1   1.2348513 2.168859e-01  0.023566629  0.030322550  0.023908343
2  16.1602061 0.000000e+00  0.229053366  0.356346677  0.232374618
3   7.1786466 7.041034e-13  0.168429990  0.168149148  0.170872209
4  -0.2134758 8.309558e-01 -0.002629318 -0.005281381 -0.002667443
5   0.7568269 4.491536e-01  0.011557375  0.017848407  0.011724956
6  29.7237279 0.000000e+00  0.791218052  0.814329580  0.814329580
7          NA           NA  1.608542214  1.000000000  1.608542214
8          NA           NA  0.340647443  0.175147877  0.340647443
9          NA           NA  0.458422199  0.367304434  0.458422199
10         NA           NA -0.811642437 -0.323218409 -0.811642437
11         NA           NA -0.164646437 -0.085280129 -0.164646437
12         NA           NA  2.351624894  1.000000000  2.351624894
13         NA           NA  0.288477865  0.191163614  0.288477865
14         NA           NA -0.183029398 -0.060281548 -0.183029398
15         NA           NA -0.181455356 -0.077731583 -0.181455356
16         NA           NA  0.968381480  1.000000000  0.968381480
17         NA           NA -0.164646425 -0.084503878 -0.164646425
18         NA           NA -0.153841462 -0.102697980 -0.153841462
19         NA           NA  3.920169572  1.000000000  3.920169572
20         NA           NA  1.199232267  0.397889631  1.199232267
21         NA           NA  2.317269333  1.000000000  2.317269333
22         NA           NA           NA           NA           NA

